m0 = 0.0;
m1 = 0.0;
m2 = 28.761;
m3 = 1.390;
m4 = 1.318;
m5 = 0.821;
m6 = 0.769;
m7 = 0.906;
m8 = 0.0;

I0 = [0 0 0;
      0 0 0;
      0 0 0];
I1 = [0 0 0;
      0 0 0;
      0 0 0];
I2 = [ 0.13063 -0.43726 -0.42639;
      -0.43726  0.30975 -0.43696;
      -0.42649 -0.43696  0.37087];
I3 = [0.003003        0        0;
             0 0.003003        0;
             0        0 0.004904];
I4 = [0.0031631         0         0;
              0 0.0031145         0;
              0         0 0.0005843];
I5 = [0.0018468          0         0;
              0 0.00172767         0;
              0          0 0.0005843];
I6 = [0.0010573         0         0;
              0 0.0006764         0;
              0         0 0.0006610];
I7 = [ 0.021773         0 -0.000180;
              0  0.021527 -0.000008;
      -0.000180 -0.000008  0.000427];
I8 = [0 0 0;
      0 0 0;
      0 0 0];

Jv0 = [1 0 0 0 0 0 0 0;
       0 0 0 0 0 0 0 0;
       0 0 0 0 0 0 0 0];
Jw0 = [0 0 0 0 0 0 0 0;
       0 0 0 0 0 0 0 0;
       0 0 0 0 0 0 0 0];

Jv1 = [1 0 0 0 0 0 0 0;
       0 1 0 0 0 0 0 0;
       0 0 0 0 0 0 0 0];
Jw1 = [0 0 0 0 0 0 0 0;
       0 0 0 0 0 0 0 0;
       0 0 0 0 0 0 0 0];

Jv2 = [1 0         0 0 0 0 0 0;
       0 1 -0.009443 0 0 0 0 0;
       0 0         0 0 0 0 0 0];
Jw2 = [0 0 0 0 0 0 0 0;
       0 0 0 0 0 0 0 0;
       0 0 1 0 0 0 0 0];

Jv3 = [1 0 0.010838  0.010838 0 0 0 0;
       0 1 0.160663 -0.006337 0 0 0 0;
       0 0        0         0 0 0 0 0];
Jw3 = [0 0        0         0 0 0 0 0;
       0 0        0         0 0 0 0 0;
       0 0        1         1 0 0 0 0];

Jv4 = [1 0 -0.119325 -0.119325 -8.43169e-20 0 0 0;
       0 1  0.196369  0.029369    -0.001377 0 0 0;
       0 0         0         0    -0.086325 0 0 0];
Jw4 = [0 0         0         0           -1 0 0 0;
       0 0         0         0  6.12323e-17 0 0 0;
       0 0         1         1            0 0 0 0];

Jv5 = [1 0 -0.18787 -0.18787 -4.86185e-18 -4.86185e-18 0 0;
       0 1   0.1385  -0.0285      -0.0794      -0.0794 0 0;
       0 0        0        0     -0.15487      0.00013 0 0];
Jw5 = [0 0        0        0           -1           -1 0 0;
       0 0        0        0  6.12323e-17  6.12323e-17 0 0;
       0 0        1        1            0            0 0 0];

Jv6 = [1 0 -0.147531 -0.147531 -8.25877e-18 -8.25877e-18 7.59281e-21 0;
       0 1  0.172595  0.005595    -0.134876    -0.134876    0.000124 0;
       0 0         0         0    -0.114531     0.040469    0.040469 0];
Jw6 = [0 0         0         0           -1           -1          -1 0;
       0 0         0         0  6.12323e-17  6.12323e-17 6.12323e-17 0;
       0 0         1         1            0            0           0 0];

Jv7 = [1 0 -0.026113 -0.026113  -8.296e-18  -8.296e-18 -2.96365e-20     0.000484;
       0 1  0.167023   2.3e-05   -0.135484   -0.135484    -0.000484 -3.38615e-20;
       0 0         0         0    0.006887    0.161887     0.161887      2.3e-05];
Jw7 = [0 0         0         0          -1          -1           -1 -6.12323e-17;
       0 0         0         0 6.12323e-17 6.12323e-17  6.12323e-17           -1;
       0 0         1         1           0           0            0 -1.83697e-16];

Jv8 = [1 0 0.028      0.028 -8.26637e-18 -8.26637e-18 -3.52084e-33  1.78152e-17;
       0 1 0.167 1.5992e-18       -0.135       -0.135 -5.75169e-17 -1.69948e-33;
       0 0     0          0        0.061        0.216        0.216   3.2831e-18];
Jw8 = [0 0     0          0           -1           -1           -1 -6.12323e-17;
       0 0     0          0  6.12323e-17  6.12323e-17  6.12323e-17           -1;
       0 0     1          1            0            0            0 -1.83697e-16];

M0 = m0 * Jv0' * Jv0 + Jw0' * I0 * Jw0
M1 = M0 + m1 * Jv1' * Jv1 + Jw1' * I1 * Jw1
M2 = M1 + m2 * Jv2' * Jv2 + Jw2' * I2 * Jw2
M3 = M2 + m3 * Jv3' * Jv3 + Jw3' * I3 * Jw3
M4 = M3 + m4 * Jv4' * Jv4 + Jw4' * I4 * Jw4
M5 = M4 + m5 * Jv5' * Jv5 + Jw5' * I5 * Jw5
M6 = M5 + m6 * Jv6' * Jv6 + Jw6' * I6 * Jw6
M7 = M6 + m7 * Jv7' * Jv7 + Jw7' * I7 * Jw7
M8 = M7 + m8 * Jv8' * Jv8 + Jw8' * I8 * Jw8
