Mp = 2.397;
Ip_p = ...
  [0.018610 0.000000 0.000067; ...
   0.000000 0.015228 0.000000; ...
   0.000067 0.000000 0.032573];
Pp_b = [-0.159; 0; 0.046];

Mab = 0.961;
Iab_ab = ...
  [ 2.9757e-03   5.9972e-07  -4.9503e-04; ...
    5.9972e-07   3.1983e-03   1.3334e-06; ...
   -4.9503e-04   1.3334e-06   2.9976e-03];
Pab_b = [0.143; 0; 0.0142];

I = [1 0 0; 0 1 0; 0 0 1];
M = Mp + Mab
Ip_b = Ip_p + Mp * (Pp_b.' * Pp_b * I - Pp_b * Pp_b.')
Iab_b = Iab_ab + Mab * (Pab_b.' * Pab_b * I - Pab_b * Pab_b.')
I_b = Ip_b + Iab_b
Pc_b = (Mp / M) * Pp_b + (Mab / M) * Pab_b
