% Wheels
Mw = 5.6;
Iw_b = ...
  [-0.14035  -0.43738  -0.43738; ...
   -0.43738  -0.29058  -0.43738; ...
   -0.43738  -0.43738  -0.42499];
Pw_b = [0; 0; 0];

% Plate and arm base
Mp = 3.358;
Ip_b = ...
  [2.6852e-02 5.9972e-07 1.5152e-02; ...
   5.9972e-07 1.0394e-01 1.3334e-06; ...
   1.5152e-02 1.3334e-06 1.1582e-01];
Pp_b = [-0.072573; 0; 0.036899];

% Base
Mb = 19.803;
Ib_b = ...
  [ 2.3943e-01 1.5865e-05 -6.9152e-04; ...
    1.5865e-05 4.8914e-01  2.7946e-04; ...
   -6.9152e-04 2.7946e-04  6.7747e-01];
Pb_b = [-0.001408; 0.000569; -0.024801];

I = [1 0 0; 0 1 0; 0 0 1];
M = Mw + Mp + Mb;
P_b = (Mw / M) * Pw_b + (Mp / M) * Pp_b + (Mb / M) * Pb_b


Iw_c = Iw_b + Mw * (P_b.' * P_b * I - P_b * P_b.')
Ip_c = Ip_b + Mp * (P_b.' * P_b * I - P_b * P_b.')
Ib_c = Ib_b + Mb * (P_b.' * P_b * I - P_b * P_b.')
I_c = Iw_c + Ip_c + Ib_c
