I = [1 0 0; 0 1 0; 0 0 1];

Mfl = 1.40;
Ifl_cfl = ...
  [0.0014800 0.0000000 0.0000000; ...
   0.0000000 0.0017500 0.0000000; ...
   0.0000000 0.0000000 0.0014800];
Pfl_b = [0.228 0.158 -0.034];
Ifl_b = Ifl_cfl + Mfl * (Pfl_b.' * Pfl_b * I - Pfl_b * Pfl_b.');

Mfr = 1.40;
Ifr_cfr = ...
  [0.0014800 0.0000000 0.0000000; ...
   0.0000000 0.0017500 0.0000000; ...
   0.0000000 0.0000000 0.0014800];
Pfr_b = [0.228 -0.158 -0.034];
Ifr_b = Ifr_cfr + Mfr * (Pfr_b.' * Pfr_b * I - Pfr_b * Pfr_b.');

Mbl = 1.40;
Ibl_cbl = ...
  [0.0014800 0.0000000 0.0000000; ...
   0.0000000 0.0017500 0.0000000; ...
   0.0000000 0.0000000 0.0014800];
Pbl_b = [-0.228 0.158 -0.034];
Ibl_b = Ibl_cbl + Mbl * (Pbl_b.' * Pbl_b * I - Pbl_b * Pbl_b.');

Mbr = 1.40;
Ibr_cbr = ...
  [0.0014800 0.0000000 0.0000000; ...
   0.0000000 0.0017500 0.0000000; ...
   0.0000000 0.0000000 0.0014800];
Pbr_b = [-0.228 -0.158 -0.034];
Ibr_b = Ibr_cbr + Mbr * (Pbr_b.' * Pbr_b * I - Pbr_b * Pbr_b.');

M = Mfl + Mfr + Mbl + Mbr
I_b = Ifl_b + Ifr_b + Ibl_b + Ibr_b

